88 89 89 90 91 92 94 95 105 
90 91 91 92 93 93 94 94 103 
85 85 85 85 86 87 88 88 92 
77 79 79 80 80 81 81 83 85 
76 76 77 77 78 79 80 80 83 
76 76 77 78 78 79 80 80 81 
78 78 78 79 80 80 81 81 82 
77 79 79 79 80 80 81 81 81 
77 77 77 78 79 80 80 81 82 
75 76 76 78 78 79 80 80 80 
75 76 77 77 78 78 79 80 80 
76 76 77 78 78 79 80 82 83 
75 75 76 77 79 80 80 82 82 
75 76 76 77 78 80 81 81 82 
76 76 76 76 78 79 80 80 81 
75 75 75 76 77 78 78 78 78 
74 75 75 75 76 76 77 77 78 
73 73 74 74 75 76 78 78 78 
73 74 74 75 75 76 76 77 77 
72 73 73 74 75 76 76 76 77 
73 73 73 74 75 76 76 77 78 
72 73 73 74 74 76 76 76 78 
72 72 73 73 74 75 76 76 77 
72 72 72 72 73 74 75 75 75 
71 72 72 73 73 74 75 75 76 
71 71 72 72 73 75 75 75 75 
70 71 71 71 72 73 73 74 75 
69 70 70 71 72 73 74 74 74 
70 70 70 71 72 73 73 73 73 
69 70 70 71 71 72 73 73 74 
69 70 70 71 72 73 73 74 74 
71 71 71 71 72 72 73 74 75 
70 70 70 70 71 71 73 73 74 
68 68 68 69 70 71 73 73 75 
67 68 68 69 70 71 72 75 76 
66 68 68 69 70 72 73 76 77 
68 68 69 69 70 72 73 76 77 
66 68 68 70 71 72 73 76 76 
68 68 69 69 70 72 74 77 77 
67 67 68 69 70 71 72 77 77 
68 68 68 69 70 71 72 76 76 
68 68 68 69 70 70 72 75 75 
67 67 68 69 70 71 72 73 75 
67 67 67 68 70 71 72 73 74 
67 67 67 68 69 70 71 72 73 
67 67 67 67 69 70 71 73 74 
66 66 67 68 69 70 73 74 74 
67 67 67 68 69 72 72 74 76 
66 66 66 67 69 71 72 73 77 
66 67 67 68 68 70 70 72 75 
65 66 66 67 68 69 69 70 72 
65 65 66 67 68 69 72 72 72 
66 66 66 67 67 69 71 71 72 
65 65 66 67 67 69 69 70 71 
66 66 66 67 68 68 70 70 71 
65 65 66 66 67 69 70 71 72 
65 65 65 67 67 69 70 71 73 
64 65 65 66 67 69 69 71 72 
64 64 65 65 67 68 69 70 71 
64 65 65 66 66 67 69 69 71 
64 65 65 66 66 67 70 70 70 
64 64 65 66 67 67 70 71 71 
64 65 65 65 66 67 69 70 71 
64 65 66 67 68 70 71 71 72 
65 65 66 66 68 70 72 73 73 
64 65 65 66 67 68 68 70 70 
65 65 66 66 67 68 69 70 72 
64 65 65 66 67 69 71 72 73 
64 64 65 67 67 69 73 73 74 
65 65 65 66 67 69 72 73 73 
65 65 67 69 70 72 73 74 74 
76 77 78 79 82 83 85 87 88 
78 79 80 81 84 86 87 88 89 
70 70 71 73 74 77 78 78 79 
64 65 65 66 68 70 71 71 72 
65 66 66 66 69 71 74 74 74 
64 64 65 67 68 70 72 74 75 
65 65 65 66 67 68 71 73 74 
64 64 65 65 66 68 70 71 73 
65 65 65 66 67 68 70 70 71 
65 65 65 65 66 67 69 70 71 
64 64 65 65 66 67 69 70 71 
63 64 64 65 66 68 69 69 69 
62 64 64 65 66 67 68 68 68 
63 63 64 65 66 68 69 69 70 
63 64 64 65 66 68 69 70 71 
62 64 64 65 66 68 69 71 74 
61 63 64 64 66 67 69 72 76 
63 63 64 65 66 67 70 74 75 
63 64 64 65 67 68 70 70 74 
62 63 63 65 66 68 68 69 69 
63 63 63 64 65 67 68 68 69 
61 63 63 64 65 66 67 68 69 
63 63 64 65 66 66 67 68 70 
63 64 64 65 66 67 67 68 70 
62 63 63 64 65 66 68 69 69 
61 63 63 64 65 67 69 70 70 
64 65 65 65 66 69 71 72 73 
64 64 65 65 66 68 69 70 70 
63 64 64 65 66 67 68 68 68 
63 64 64 65 66 67 68 68 69 
63 64 65 66 67 68 70 71 73 
62 63 65 66 67 69 73 77 78 
63 64 64 66 68 71 76 77 78 
63 64 64 66 67 71 75 77 78 
64 65 66 66 67 69 71 74 77 
66 66 66 67 68 69 70 71 76 
69 69 70 70 71 73 75 75 75 
68 68 69 70 71 73 75 75 76 
65 65 65 66 67 68 70 70 71 
63 64 65 66 67 68 69 69 71 
62 64 65 66 67 69 72 73 74 
64 64 65 65 67 69 72 72 72 
65 65 65 65 67 67 69 69 70 
65 65 65 66 67 68 69 69 69 
64 64 65 66 66 68 68 69 69 
64 64 64 65 66 67 68 68 69 
63 64 64 65 66 67 68 68 69 
63 63 64 65 66 67 68 68 69 
63 64 64 65 66 67 69 69 70 
63 64 64 66 67 67 69 70 70 
64 65 66 66 67 68 69 69 70 
65 65 65 66 68 69 70 70 70 
65 65 66 66 67 69 71 71 72 
66 66 66 67 68 70 71 72 72 
67 67 67 68 70 71 72 72 73 
66 67 68 69 71 72 73 73 73 
67 68 69 71 73 74 74 75 76 
68 68 68 70 71 73 73 74 74 
67 67 67 68 69 71 72 73 74 
67 67 67 69 70 72 73 74 76 
68 68 68 69 71 72 73 74 75 
68 69 69 70 71 73 74 76 77 
69 70 70 70 72 75 77 77 78 
69 69 70 72 74 76 77 78 79 
70 70 71 74 75 76 78 78 80 
70 71 72 74 76 77 80 82 83 
71 71 74 76 77 78 82 84 84 
74 74 75 77 78 81 82 86 89 
75 76 77 80 83 86 89 91 92 
75 80 80 83 87 91 93 93 95 
79 82 84 85 88 93 95 96 97 
83 83 84 87 89 92 96 97 99 
84 87 88 89 91 94 95 96 96 
84 86 87 87 89 90 94 94 95 
76 76 77 79 81 84 88 90 92 
73 73 74 76 77 80 82 86 87 
71 72 72 74 75 77 79 80 83 
72 72 72 74 75 76 77 79 82 
70 72 74 74 75 76 79 80 82 
71 72 73 74 75 76 78 81 82 
70 70 71 72 73 74 76 76 79 
66 69 69 70 72 73 76 77 79 
65 69 69 70 72 73 74 76 77 
64 68 69 70 71 72 74 74 75 
64 68 68 70 71 72 74 74 75 
67 68 69 69 71 72 72 74 75 
67 68 68 69 71 72 73 74 74 
67 67 68 69 71 72 73 73 73 
67 68 68 69 70 72 72 74 74 
65 66 67 69 70 72 73 73 73 
67 68 69 70 71 72 73 74 74 
68 68 68 70 71 72 73 73 73 
67 67 67 68 70 71 71 71 72 
66 66 67 68 69 70 70 71 74 
66 67 67 68 69 70 71 71 75 
67 67 67 68 69 71 72 72 73 
67 67 67 69 69 70 72 72 72 
66 67 67 68 69 71 72 73 73 
65 67 68 69 69 70 72 73 74 
65 66 68 69 70 71 72 72 73 
66 66 67 68 70 71 71 71 73 
65 66 67 68 69 70 71 72 73 
65 67 67 69 69 70 71 71 73 
67 67 68 69 69 70 71 71 73 
67 67 67 68 70 70 72 72 73 
66 67 67 68 69 70 72 72 73 
66 66 68 68 69 72 72 72 72 
67 68 68 70 72 73 73 74 75 
64 67 68 68 72 72 73 73 74 
65 65 66 68 69 70 70 70 71 
64 64 65 66 68 69 69 69 70 
65 65 65 66 67 68 69 70 70 
64 65 66 66 67 68 69 69 69 
63 65 66 67 68 69 69 69 69 
65 65 66 67 68 70 70 70 71 
65 65 66 67 68 69 70 70 72 
64 65 66 66 68 68 70 70 72 
61 65 66 67 67 68 69 70 70 
62 66 67 68 68 69 70 70 70 
65 67 67 68 69 70 70 70 72 
66 67 67 68 69 70 70 71 72 
64 65 67 68 68 69 70 70 71 
63 65 66 67 68 69 70 70 70 
63 66 67 68 69 70 70 71 71 
64 66 66 68 69 70 70 71 71 
65 66 66 67 68 70 70 70 71 
66 67 67 68 69 70 71 71 72 
66 66 67 67 69 70 70 71 71 
65 66 66 67 68 69 70 71 72 
64 65 66 67 68 70 70 71 72 
65 66 66 66 68 70 70 71 71 
66 66 67 67 68 69 70 71 71 
66 67 67 68 69 70 70 71 71 
66 67 67 68 69 70 71 72 72 
67 67 67 68 69 70 71 72 72 
65 66 66 68 69 70 72 72 72 
65 66 66 67 69 70 71 72 72 
65 66 66 68 69 70 71 72 72 
64 65 67 68 70 71 72 72 73 
66 67 67 67 69 71 71 72 72 
67 67 67 68 69 70 71 71 72 
66 67 67 67 69 69 70 71 71 
66 66 66 67 68 70 71 71 71 
67 67 68 68 69 71 72 72 72 
67 68 68 70 70 72 73 73 74 
66 67 68 69 69 71 71 72 72 
65 66 67 67 68 69 70 71 71 
65 66 66 68 68 69 70 71 71 
63 67 67 68 68 69 70 71 71 
63 64 66 67 68 69 69 70 71 
64 66 66 68 68 69 69 70 71 
65 66 67 68 68 69 70 71 71 
67 67 68 68 70 71 74 75 75 
68 69 70 70 72 74 77 77 77 
67 68 69 70 72 74 76 76 76 
68 69 69 69 70 71 73 74 75 
67 68 68 69 69 70 71 72 73 
66 67 67 68 68 69 70 71 72 
65 66 66 67 68 69 71 72 73 
66 67 67 67 68 69 71 71 71 
66 67 67 67 68 69 69 69 70 
66 67 67 68 68 69 70 70 71 
66 66 67 67 69 70 72 72 73 
66 67 67 68 69 70 71 71 72 
64 66 67 67 68 69 70 71 71 
63 64 65 67 68 69 70 70 71 
63 64 65 68 69 69 71 71 71 
65 66 66 68 69 70 71 71 71 
66 66 66 67 69 70 71 71 72 
64 66 67 67 68 69 71 71 72 
64 66 67 67 69 70 71 71 72 
64 66 66 67 68 71 72 72 72 
62 66 67 67 68 70 71 71 71 
64 66 66 67 68 69 70 70 70 
66 66 66 67 69 70 70 72 72 
66 66 66 68 69 70 71 72 73 
65 65 66 67 68 70 71 71 72 
65 65 66 67 69 70 70 71 72 
65 66 66 68 68 70 71 72 72 
64 66 67 68 69 70 71 72 72 
65 66 67 67 69 70 71 71 71 
65 66 66 68 69 69 70 71 71 
66 67 67 68 68 70 71 71 71 
65 66 67 68 69 70 71 72 72 
66 66 67 68 69 71 72 73 73 
67 67 67 68 69 70 71 72 73 
66 67 67 68 69 70 70 70 72 
65 66 66 67 68 69 70 70 71 
65 66 66 67 69 70 71 71 71 
65 66 67 67 69 71 71 72 72 
66 66 66 67 68 70 72 72 73 
66 67 67 67 68 69 70 71 72 
67 67 67 67 68 70 71 71 71 
65 65 66 67 68 70 71 71 72 
66 66 66 67 68 69 70 71 71 
66 66 66 67 69 69 70 70 70 
66 67 67 67 68 69 70 70 71 
67 67 67 68 69 69 70 70 71 
66 67 67 68 69 70 71 71 72 
67 67 67 67 68 69 70 71 72 
65 66 67 67 68 70 70 71 71 
66 66 67 68 68 70 70 71 71 
66 66 66 66 68 69 70 70 71 
65 66 66 67 68 69 70 70 70 
65 66 66 67 68 69 70 70 70 
66 67 67 68 69 69 69 70 71 
66 67 67 68 69 70 71 71 72 
67 67 67 69 70 71 71 72 75 
67 69 69 70 70 72 74 75 75 
67 68 69 69 71 74 75 76 78 
67 68 69 71 73 75 78 78 80 
68 69 69 70 73 75 78 80 81 
68 68 70 71 72 76 79 80 81 
67 67 69 72 74 76 79 80 80 
67 67 69 72 74 76 78 79 79 
66 67 68 71 73 75 76 79 80 
67 67 68 70 71 73 76 78 80 
66 66 67 68 70 72 76 79 79 
66 66 67 67 69 72 78 79 80 
65 66 66 67 68 71 75 75 77 
64 64 65 67 68 69 71 71 74 
64 65 66 66 68 69 69 70 71 
66 66 67 67 68 69 69 71 71 
66 66 66 67 68 69 69 70 71 
66 66 66 66 67 67 69 69 70 
65 66 66 66 67 68 68 69 69 
65 66 66 67 67 68 69 69 70 
64 65 66 67 68 69 70 70 71 
64 65 67 68 70 71 72 72 74 
67 68 68 68 70 72 73 73 74 
66 67 67 68 69 70 70 71 72 
65 65 65 66 67 69 70 70 70 
65 65 66 66 67 68 69 70 70 
65 65 66 66 67 68 70 70 70 
65 66 66 67 68 68 71 72 72 
65 65 65 66 68 69 70 71 72 
64 65 66 66 67 69 70 71 71 
63 65 65 66 67 68 70 71 71 
64 64 64 65 66 69 69 70 70 
64 64 65 66 66 69 70 70 70 
64 65 65 66 67 69 70 70 70 
64 65 65 66 67 68 70 70 70 
62 64 64 65 66 68 69 69 69 
62 64 65 65 67 68 68 69 69 
64 64 64 66 67 68 69 69 70 
64 64 65 66 67 69 70 70 70 
64 64 64 67 68 69 69 69 69 
64 65 65 66 67 68 68 69 69 
65 65 66 66 67 68 68 69 69 
63 65 65 66 67 68 68 68 68 
65 65 66 66 67 68 69 69 69 
65 65 65 66 67 68 68 69 69 
65 65 65 66 67 68 69 69 69 
65 65 65 66 67 68 69 69 69 
64 65 65 66 67 67 68 69 69 
64 64 64 65 66 67 68 69 69 
65 65 65 65 66 67 67 67 68 
64 64 65 66 66 68 68 68 69 
63 64 64 66 67 67 68 68 68 
62 64 64 66 67 67 68 69 69 
64 64 65 66 67 68 68 68 69 
64 64 65 66 67 67 68 68 68 
61 64 65 65 66 67 68 68 68 
64 64 64 66 66 67 68 68 68 
64 64 64 65 66 67 68 68 69 
64 64 65 65 66 67 67 68 69 
63 65 65 65 66 67 68 68 68 
64 65 65 65 66 67 67 68 68 
64 64 64 65 66 67 68 68 68 
63 63 64 65 66 67 68 68 69 
62 64 64 65 66 67 67 67 67 
64 64 64 65 66 66 67 68 68 
64 64 64 65 66 66 67 67 67 
63 64 64 65 65 66 67 67 68 
63 63 64 65 66 66 67 67 68 
64 64 64 65 65 66 67 68 69 
64 64 64 65 66 66 68 68 68 
64 64 64 65 66 67 67 68 69 
61 63 63 65 66 66 66 67 68 
63 63 63 65 65 66 66 67 68 
62 63 64 66 66 67 67 67 68 
64 64 64 65 66 67 67 67 68 
63 63 64 65 65 66 67 68 68 
63 63 64 64 66 67 67 67 67 
63 65 65 65 66 67 68 68 69 
61 63 64 65 66 67 68 68 70 
63 63 64 65 66 67 68 69 70 
65 65 66 66 67 68 69 69 70 
65 65 65 67 67 68 69 69 70 
63 64 64 65 66 67 68 68 69 
63 64 64 64 66 66 67 68 68 
63 63 64 65 66 67 67 68 68 
63 64 64 65 65 66 67 67 67 
63 64 64 65 66 66 67 67 67 
63 63 64 64 65 66 67 67 67 
62 63 63 64 65 66 66 66 67 
62 64 64 64 65 65 66 67 67 
62 63 64 64 65 66 66 67 68 
63 63 63 64 65 66 66 67 67 
63 63 64 64 65 66 67 67 67 
63 64 64 65 65 66 66 66 66 
63 64 64 64 65 66 66 66 67 
63 63 64 64 65 66 67 67 67 
62 63 63 64 66 66 67 68 69 
63 63 63 64 65 66 67 67 68 
63 63 64 65 66 67 67 67 67 
64 64 65 65 66 67 67 67 68 
63 64 65 65 66 67 67 67 67 
64 64 64 65 65 66 66 67 67 
64 64 64 65 65 66 67 67 67 
64 64 64 65 65 66 67 67 68 
62 62 64 65 65 66 66 67 67 
63 63 63 64 65 66 67 67 67 
63 63 63 64 64 66 67 67 67 
62 62 63 63 65 65 66 67 67 
61 63 63 64 64 66 66 67 68 
61 62 63 64 65 66 66 67 67 
61 63 64 65 65 66 67 67 67 
64 64 64 65 65 66 67 67 68 
63 64 64 65 65 66 67 67 67 
63 63 64 64 65 66 66 67 67 
63 63 63 65 65 66 66 67 68 
64 64 64 65 66 67 67 67 68 
63 64 64 65 66 67 67 67 68 
63 64 65 65 66 67 68 68 68 
63 64 64 65 65 66 68 68 68 
63 63 64 64 65 66 66 67 67 
63 63 64 64 65 65 66 66 67 
63 63 63 64 65 65 66 66 67 
63 64 64 64 65 66 67 67 68 
63 63 64 64 65 66 67 67 67 
62 63 63 64 65 66 67 67 67 
63 64 64 65 65 66 66 67 67 
63 64 64 65 65 66 67 67 68 
63 63 64 65 65 66 67 67 67 
63 63 63 65 65 66 67 67 67 
63 63 63 64 66 67 67 67 68 
62 63 64 65 66 67 68 68 68 
64 64 64 64 65 67 68 68 68 
63 64 64 65 66 67 67 67 67 
63 63 63 65 66 66 67 68 68 
63 63 64 65 66 66 68 68 68 
62 63 64 65 66 66 67 68 68 
64 64 64 65 66 66 67 67 67 
64 64 64 65 66 66 67 67 68 
63 64 64 65 66 66 67 67 67 
64 64 64 65 65 66 67 67 67 
64 64 64 65 65 66 66 67 67 
64 64 64 64 66 66 66 67 67 
63 64 64 64 65 66 66 67 67 
63 64 64 65 66 66 67 67 67 
62 63 64 65 66 66 67 68 68 
62 64 64 65 66 66 67 68 68 
63 63 64 65 65 66 67 67 67 
63 63 64 64 66 67 68 68 68 
63 63 64 65 66 67 68 68 68 
64 64 64 65 66 66 67 68 68 
63 64 64 65 65 66 67 67 67 
62 63 64 64 65 66 66 67 67 
63 64 64 65 65 66 68 68 68 
64 64 64 65 66 66 68 68 69 
63 64 64 65 66 66 67 67 67 
63 63 64 65 66 66 67 67 68 
63 64 64 65 65 66 67 67 67 
63 63 63 65 66 66 67 67 67 
62 63 64 64 65 66 67 67 68 
63 64 64 65 65 66 66 68 68 
63 63 64 64 65 66 68 68 68 
63 63 64 64 65 66 67 67 67 
62 63 63 64 65 66 67 67 67 
63 64 64 65 65 66 66 67 67 
62 63 63 64 65 66 66 66 68 
62 62 64 64 65 66 66 66 67 
63 63 64 64 65 66 66 66 66 
63 63 64 64 65 66 66 66 67 
63 63 64 65 65 66 66 66 66 
63 64 64 65 66 66 66 67 67 
64 64 64 65 66 66 66 67 67 
63 64 64 65 65 66 66 67 67 
63 64 64 64 65 66 67 67 68 
62 63 63 65 66 66 66 67 68 
62 63 64 65 66 66 66 67 67 
63 64 64 64 65 66 66 67 68 
63 64 64 65 65 66 67 67 67 
63 64 64 64 65 66 67 67 67 
64 64 64 65 65 66 66 67 67 
64 64 64 65 65 66 66 67 67 
64 64 64 65 65 66 66 66 67 
63 63 64 64 65 66 66 67 67 
63 63 64 64 65 66 66 66 67 
63 63 64 64 65 66 66 66 68 
62 63 63 64 65 65 66 66 67 
63 64 64 65 65 66 67 67 67 
63 64 64 65 66 67 68 68 69 
63 64 64 65 66 66 67 68 69 
64 64 65 65 65 66 66 68 68 
64 64 64 65 65 66 66 66 68 
64 64 64 64 65 66 67 67 67 
62 64 64 65 65 66 66 67 67 
63 63 64 64 65 66 66 66 67 
63 63 64 64 65 66 67 67 67 
62 63 64 64 65 66 66 66 67 
62 63 63 64 65 66 66 67 67 
62 63 63 64 65 66 67 67 67 
63 64 64 64 65 66 66 66 67 
64 64 64 64 65 65 66 66 67 
64 64 64 65 65 65 66 66 66 
63 63 64 64 65 66 66 66 66 
63 63 64 64 65 66 66 66 66 
63 64 64 64 65 66 66 66 66 
64 64 64 65 66 66 67 67 67 
64 64 64 65 65 66 67 67 68 
62 63 64 65 66 66 66 67 67 
63 63 63 64 65 66 67 67 67 
63 63 63 64 65 66 67 67 67 
63 64 64 65 65 66 67 67 67 
63 64 64 65 65 66 67 67 67 
62 63 64 64 65 66 66 67 67 
63 64 64 64 65 66 66 67 67 
63 64 64 65 65 66 67 67 67 
63 63 64 65 65 67 67 67 68 
63 63 64 64 65 66 66 67 67 
64 64 64 65 65 66 67 67 67 
64 64 64 65 66 66 67 67 68 
64 64 64 65 65 66 67 68 69 
63 64 65 65 65 66 67 68 69 
63 64 64 64 66 66 67 67 67 
61 64 65 65 66 67 67 67 68 
64 64 64 65 66 67 67 67 68 
63 64 64 65 66 66 67 67 67 
62 64 64 65 65 66 66 67 68 
62 64 64 65 66 66 67 68 68 
64 64 65 65 66 66 67 67 68 
64 64 65 65 65 66 67 67 68 
62 63 64 65 66 67 67 67 68 
63 64 64 64 66 66 67 67 68 
63 64 64 64 65 66 67 67 67 
63 63 63 64 65 66 67 67 67 
63 63 63 64 65 65 66 67 67 
63 64 64 64 65 66 66 67 67 
63 63 64 65 65 66 66 67 67 
62 64 64 65 65 66 66 66 67 
63 63 63 64 65 66 66 67 67 
63 63 63 64 65 65 66 67 67 
62 63 63 63 64 65 66 66 67 
62 63 63 63 64 66 66 66 66 
63 63 63 64 64 65 65 66 66 
63 63 64 64 64 65 65 66 66 
60 62 63 64 65 65 66 66 67 
62 62 63 63 64 65 66 67 67 
63 63 64 64 64 65 66 66 66 
62 63 63 64 64 65 65 66 66 
62 63 63 64 64 65 65 65 66 
62 64 64 64 64 65 66 66 67 
63 63 63 64 65 65 66 66 67 
62 63 63 64 64 65 66 66 67 
63 64 64 64 65 66 66 67 67 
62 63 64 64 65 66 66 67 67 
62 63 63 64 64 66 67 67 67 
62 63 63 64 65 65 66 66 66 
63 63 63 64 64 65 66 66 67 
62 63 63 64 64 65 66 66 67 
60 62 63 63 64 65 66 66 66 
62 63 63 63 64 65 66 66 67 
62 62 63 64 64 65 66 66 66 
63 63 63 63 64 65 66 66 66 
63 63 63 64 64 65 65 65 66 
63 63 63 64 64 65 65 65 65 
62 63 63 64 64 65 66 66 66 
63 63 63 64 65 65 65 66 66 
62 63 63 64 64 66 66 66 67 
63 63 63 64 64 65 66 66 66 
63 63 63 64 65 65 66 66 66 
63 63 63 64 65 65 65 66 66 
63 63 63 64 64 65 66 66 66 
62 63 63 63 64 65 65 66 66 
63 63 63 63 64 65 65 66 67 
61 63 63 63 65 66 66 66 66 
62 63 64 64 65 66 66 66 66 
62 63 63 63 64 65 67 67 68 
62 62 63 63 64 65 66 67 67 
63 63 64 64 65 65 66 67 68 
63 63 63 64 64 65 67 67 67 
63 63 63 63 64 65 68 68 68 
62 63 63 64 65 65 66 66 67 
63 63 63 64 65 65 65 66 67 
62 63 63 64 65 65 66 66 66 
62 62 63 64 65 65 66 66 66 
61 63 64 64 65 65 66 66 67 
62 63 64 64 65 65 66 66 66 
63 63 63 64 65 66 66 66 66 
63 63 64 64 65 65 65 66 66 
64 64 64 64 64 66 66 66 66 
63 63 63 64 65 65 66 66 66 
63 63 63 64 64 65 66 66 66 
63 63 64 64 65 65 66 66 67 
62 63 63 64 65 65 66 67 67 
63 63 63 63 64 65 66 66 67 
63 63 63 64 64 65 66 66 67 
62 63 63 64 65 65 66 66 66 
60 62 63 64 65 65 66 66 66 
62 63 63 64 64 65 65 66 66 
64 64 64 65 65 65 66 66 66 
63 63 63 64 64 65 65 66 66 
63 63 63 64 64 65 66 66 67 
63 63 64 64 65 65 66 66 66 
63 64 64 64 65 65 65 66 68 
63 63 63 64 65 65 66 67 67 
63 63 64 64 65 65 66 66 66 
63 63 64 64 65 66 66 67 67 
64 64 64 64 65 66 66 67 67 
63 63 64 64 65 66 66 66 66 
63 64 64 64 65 65 66 66 67 
62 63 63 64 65 66 66 66 67 
63 63 64 64 65 66 66 67 67 
62 62 63 64 65 65 67 67 68 
62 63 63 64 65 65 66 67 67 
63 64 64 64 65 65 66 66 66 
62 63 63 64 65 66 67 67 67 
62 62 63 64 65 66 67 67 67 
62 62 63 64 64 65 67 67 67 
63 63 64 64 65 65 66 67 67 
63 63 63 64 65 66 66 66 67 
62 63 64 64 65 66 67 67 67 
61 62 64 64 65 65 66 66 67 
62 63 64 65 65 66 66 66 66 
61 63 64 64 65 66 66 66 67 
61 62 63 64 65 65 66 66 66 
62 62 63 64 65 66 66 66 66 
63 63 63 63 65 65 66 66 66 
62 63 63 64 65 65 66 66 66 
63 63 64 64 65 65 66 66 66 
63 63 63 64 65 65 65 66 66 
62 63 64 64 65 65 65 66 66 
61 63 63 64 65 65 66 66 66 
63 63 64 65 65 66 66 66 67 
64 64 64 65 65 66 66 67 67 
63 63 63 64 65 65 66 66 66 
63 64 64 64 65 65 66 66 66 
63 63 63 64 65 65 66 66 66 
63 63 63 64 65 65 66 66 66 
63 64 64 64 65 65 66 66 66 
62 64 64 65 65 65 65 65 66 
63 63 64 64 65 65 66 66 66 
64 64 64 64 65 66 66 67 67 
62 63 64 64 65 65 66 66 66 
62 62 64 65 65 66 66 66 66 
62 63 64 64 65 66 67 67 67 
63 63 63 64 65 66 66 66 66 
63 64 64 65 65 66 66 66 66 
64 64 64 65 65 66 66 66 67 
64 64 64 65 65 66 66 67 67 
63 63 64 65 65 65 67 67 67 
60 62 63 64 64 65 66 66 66 
60 63 63 64 65 65 65 66 66 
62 63 63 64 65 66 66 66 66 
62 63 64 64 65 66 66 66 67 
62 64 64 64 65 65 66 67 67 
62 63 64 64 65 65 66 67 67 
62 62 62 64 64 65 66 66 67 
63 63 63 64 65 65 66 66 67 
62 62 64 64 64 65 66 66 66 
63 63 63 64 65 65 66 66 66 
62 63 63 64 65 65 66 66 66 
63 63 63 64 65 65 66 66 66 
63 63 63 64 65 66 66 66 66 
63 63 64 64 64 66 66 66 67 
63 63 63 64 65 65 66 66 66 
62 63 64 64 65 65 66 66 67 
62 62 63 64 65 66 66 67 67 
62 63 64 64 65 66 66 67 67 
62 63 63 64 65 65 67 67 67 
62 63 64 64 65 66 66 67 67 
62 63 64 64 65 66 66 66 67 
62 63 64 64 64 65 66 66 67 
61 63 64 64 65 66 66 66 67 
63 64 64 64 65 66 66 67 67 
63 63 63 64 65 66 66 66 66 
62 64 64 64 65 65 66 66 66 
62 63 63 64 65 65 66 67 67 
62 63 64 64 65 66 66 66 66 
62 63 64 64 65 65 66 66 66 
62 63 64 64 65 66 66 67 67 
63 63 64 64 65 65 66 66 67 
63 63 63 64 65 65 66 66 66 
63 63 63 64 65 66 67 67 67 
63 64 64 65 65 66 66 66 66 
61 63 65 65 65 66 66 66 66 
61 63 64 64 65 66 66 67 67 
63 64 64 64 65 66 66 66 67 
63 64 64 64 65 65 66 67 67 
63 64 64 64 65 65 66 66 66 
63 64 64 64 65 66 66 66 67 
62 64 64 64 65 66 66 66 66 
62 63 64 64 65 66 66 66 67 
61 63 63 64 65 66 66 66 67 
62 64 64 64 65 66 66 67 67 
63 64 64 64 65 66 67 67 67 
62 63 64 64 65 66 66 67 67 
61 63 64 65 65 66 67 67 67 
61 64 64 65 65 66 66 67 67 
62 64 64 65 65 66 67 67 67 
62 64 64 64 65 66 67 67 67 
62 63 64 64 65 66 66 67 67 
62 64 64 65 65 66 66 66 66 
62 63 64 64 65 66 66 66 67 
61 63 64 64 65 66 66 66 67 
62 63 63 65 65 66 66 67 67 
61 63 64 65 65 66 66 66 67 
62 64 64 65 65 66 66 66 67 
62 64 64 64 65 65 66 66 66 
62 63 63 64 65 65 66 67 67 
62 63 63 64 65 65 66 66 66 
63 64 64 64 65 65 65 66 66 
62 63 63 64 65 65 66 66 66 
62 63 63 64 65 65 66 66 67 
61 63 63 64 65 65 66 66 66 
63 63 64 64 65 65 65 65 65 
63 63 64 64 65 66 66 66 66 
63 64 64 64 65 66 66 66 67 
63 63 64 64 65 65 66 66 66 
61 64 64 64 65 65 66 66 66 
62 64 64 65 65 66 66 67 67 
63 63 63 65 65 66 66 66 66 
60 63 64 64 65 65 66 66 67 
62 63 63 64 65 66 66 66 66 
63 63 63 64 65 65 66 66 67 
62 63 64 64 65 66 66 67 67 
62 64 64 65 65 66 66 66 66 
62 64 64 64 65 65 66 66 66 
64 64 64 64 65 65 65 66 67 
63 63 64 64 65 65 65 66 66 
63 63 64 64 65 65 66 66 66 
63 63 64 64 65 66 66 66 66 
62 63 63 64 65 65 65 66 66 
63 63 63 64 65 65 66 66 66 
61 63 64 64 64 65 66 66 66 
63 63 64 64 65 66 66 66 66 
63 63 64 64 65 66 66 67 67 
62 63 63 64 65 65 66 66 67 
62 63 63 64 65 65 66 66 67 
61 64 64 64 65 65 66 66 66 
62 63 64 64 65 65 66 66 66 
63 63 64 64 65 65 65 65 66 
63 63 64 64 65 65 66 66 66 
63 63 63 64 65 65 66 66 66 
63 63 63 63 65 65 66 66 66 
62 63 63 64 65 65 66 66 66 
61 62 63 64 65 65 66 66 66 
63 63 63 64 65 66 66 66 66 
63 64 64 64 65 65 66 66 67 
61 63 64 64 65 65 66 66 66 
62 63 63 64 65 66 66 66 67 
62 63 63 64 65 66 66 66 67 
61 63 64 64 65 65 66 66 66 
61 63 64 64 65 65 66 66 66 
62 63 64 64 65 65 66 66 66 
62 62 63 64 65 65 66 66 66 
62 64 64 65 65 66 66 66 67 
64 64 65 65 66 67 67 67 68 
64 64 66 66 68 68 69 70 71 
65 65 65 66 67 68 70 70 71 
64 64 64 65 66 67 68 69 69 
63 64 64 64 65 66 66 66 66 
63 64 64 64 64 65 65 66 67 
62 63 63 64 65 65 65 66 66 
62 63 63 64 65 66 66 66 66 
61 64 64 65 65 66 67 67 67 
64 64 64 64 65 66 66 66 66 
62 63 63 64 64 66 66 66 66 
62 63 63 64 65 65 65 66 66 
63 64 64 64 65 65 66 66 66 
62 63 63 64 64 65 66 66 66 
63 63 63 64 65 65 65 66 66 
63 63 64 64 64 65 66 66 66 
63 64 64 64 65 65 66 66 66 
62 63 64 64 64 65 65 65 65 
63 63 64 64 64 65 66 66 66 
63 63 64 64 64 65 66 66 66 
63 64 64 64 65 66 66 66 67 
62 63 63 64 65 65 66 66 67 
62 63 63 64 64 65 66 66 66 
61 63 64 64 65 65 66 66 67 
62 63 63 64 64 65 65 66 66 
62 63 63 64 64 65 65 67 67 
62 62 63 64 64 65 66 67 67 
61 63 64 64 64 65 66 66 67 
62 63 64 64 64 65 65 66 66 
62 63 63 64 65 65 66 67 67 
63 63 63 64 65 65 66 66 66 
62 62 63 64 65 65 66 66 66 
63 63 63 64 64 65 66 67 67 
62 63 63 64 65 65 66 66 66 
62 63 63 64 65 65 66 66 67 
63 63 63 64 64 65 66 66 67 
62 63 63 64 64 65 66 66 66 
62 62 63 63 64 65 65 65 66 
61 63 63 63 64 65 65 65 65 
62 63 63 63 64 65 65 66 66 
62 62 63 64 64 65 65 65 65 
62 62 63 64 64 65 66 66 66 
62 62 63 63 64 65 65 65 65 
62 62 63 63 64 64 65 65 66 
62 63 63 64 64 64 65 65 65 
62 62 63 63 64 64 65 65 65 
61 62 63 63 64 64 65 65 65 
62 62 62 64 64 64 64 65 65 
61 63 63 63 64 64 65 65 65 
61 61 62 63 64 64 64 65 65 
62 62 62 63 63 64 64 65 65 
61 62 62 63 63 64 64 64 65 
61 62 62 63 64 64 64 65 65 
62 62 62 63 63 64 64 64 65 
61 61 61 63 63 64 64 64 65 
61 61 62 63 63 64 64 64 65 
61 61 62 63 63 63 64 65 65 
62 62 62 62 63 64 64 65 65 
60 61 61 62 63 63 64 65 65 
61 62 62 62 63 63 64 64 64 
60 60 62 62 63 64 64 64 65 
61 62 62 63 63 64 64 64 64 
62 62 63 63 63 64 65 65 65 
62 62 63 63 63 64 64 65 65 
62 62 62 63 63 64 64 64 65 
62 62 62 63 64 64 64 65 65 
61 62 62 63 63 64 64 66 66 
63 63 63 63 64 65 65 66 66 
63 63 63 63 65 65 65 65 66 
61 62 63 64 64 65 66 66 66 
62 62 63 64 65 65 65 66 66 
62 62 62 64 65 66 66 66 66 
62 63 64 65 65 66 67 67 68 
62 64 64 65 66 66 67 67 68 
63 63 64 65 65 66 68 68 68 
64 64 64 65 66 66 66 66 66 
62 63 64 64 65 65 66 66 66 
62 62 62 63 64 65 66 66 66 
62 62 63 63 64 64 65 65 65 
61 62 62 63 63 64 64 65 65 
59 61 62 62 63 64 64 64 64 
61 62 62 63 63 63 64 64 65 
62 62 62 63 63 64 64 64 65 
62 62 62 63 63 64 65 66 66 
59 61 61 62 63 64 64 64 65 
61 62 62 63 63 64 65 65 65 
62 62 62 62 63 64 64 64 65 
62 62 62 62 63 63 64 65 65 
61 61 62 63 63 64 64 64 65 
61 61 62 62 64 64 64 65 65 
60 61 62 62 63 63 64 65 65 
60 60 61 62 63 64 64 65 65 
60 61 62 63 63 64 64 64 65 
61 61 62 63 63 64 64 64 64 
60 62 62 62 63 64 64 64 65 
61 61 62 63 63 64 64 64 64 
61 62 62 62 63 64 64 64 65 
62 62 62 63 63 64 64 65 65 
62 62 62 63 63 64 65 65 65 
60 61 62 63 63 65 65 65 65 
61 62 62 63 63 64 64 64 65 
61 61 62 62 63 63 64 65 65 
61 61 62 62 63 63 64 64 64 
60 61 62 62 63 63 64 64 65 
61 61 62 62 63 64 64 64 64 
60 61 61 62 63 63 64 64 64 
61 61 61 62 63 64 64 64 65 
60 61 62 62 63 64 64 65 65 
60 62 62 62 63 64 64 64 64 
60 61 62 63 63 64 64 64 65 
60 60 61 62 63 63 64 64 65 
60 60 61 62 62 63 64 64 65 
59 60 60 62 63 64 64 64 65 
60 61 62 62 63 64 64 64 65 
59 60 62 63 63 64 64 65 65 
61 62 62 62 63 63 64 64 64 
60 60 61 62 63 63 64 64 64 
59 60 61 63 63 64 64 64 64 
60 62 62 62 63 64 64 64 65 
61 62 62 62 63 64 64 64 65 
62 62 62 63 63 64 64 65 65 
61 62 62 63 63 64 64 65 65 
61 61 62 62 63 64 65 65 65 
60 61 62 62 63 64 65 65 65 
60 61 61 61 63 63 64 64 64 
59 61 61 62 63 63 64 64 65 
61 62 62 62 63 63 63 63 64 
60 62 62 62 63 64 64 64 64 
61 62 62 62 63 64 64 64 65 
59 61 61 63 63 63 64 64 64 
60 61 61 62 62 63 64 64 64 
61 61 61 62 63 63 64 64 65 
61 62 62 62 63 63 64 65 65 
60 61 62 62 63 63 64 64 64 
61 61 62 62 63 63 64 64 64 
59 62 62 62 63 64 65 65 65 
60 60 61 62 63 63 64 64 65 
60 61 62 62 63 64 64 65 65 
60 61 62 62 63 63 64 64 65 
60 61 62 62 63 63 64 64 65 
61 62 62 63 63 63 64 64 65 
59 61 61 62 63 63 64 64 65 
60 61 62 62 62 63 63 63 64 
61 61 62 62 63 63 64 64 65 
61 61 61 62 63 64 64 64 64 
61 61 61 61 63 64 65 65 65 
61 62 62 62 63 63 64 64 64 
60 62 62 62 62 63 64 64 64 
60 61 62 62 63 64 64 64 64 
60 61 62 62 63 63 64 64 64 
60 61 62 62 63 63 64 64 64 
60 61 61 62 62 63 63 64 64 
61 61 62 62 62 63 63 64 64 
60 61 61 62 63 63 64 64 65 
61 61 61 62 63 64 64 64 64 
59 60 61 62 62 63 63 64 64 
61 62 62 62 63 63 64 64 65 
59 61 62 62 63 63 64 64 65 
60 61 61 62 63 63 64 65 65 
59 61 61 62 63 63 64 64 65 
60 61 61 62 63 63 63 64 65 
58 61 61 62 63 63 63 64 64 
60 61 62 62 62 63 64 64 64 
60 61 61 62 62 63 63 64 64 
59 61 61 62 63 64 64 64 65 
61 61 61 62 63 63 64 64 64 
60 61 62 62 63 63 64 64 65 
60 60 61 61 62 63 63 63 63 
60 61 62 62 63 63 63 63 64 
61 61 61 62 62 63 64 64 64 
58 61 61 62 63 63 63 64 64 
59 60 60 62 62 63 64 64 64 
59 60 60 62 63 63 64 64 65 
58 60 61 62 62 63 63 63 64 
60 61 61 62 62 63 63 64 64 
60 61 61 61 62 63 63 63 64 
60 60 61 61 62 63 63 64 64 
60 61 61 61 62 63 63 64 64 
59 60 61 62 62 63 63 63 63 
60 61 61 62 62 63 63 64 64 
61 61 61 62 62 63 63 63 64 
60 61 61 61 62 63 63 63 63 
60 61 61 62 62 62 64 64 64 
60 61 61 62 62 63 63 63 64 
60 61 61 62 62 63 63 64 64 
60 61 61 62 62 63 63 63 64 
60 60 61 61 62 63 63 64 64 
61 61 62 62 62 63 63 63 63 
61 61 62 62 63 63 64 64 64 
61 61 62 62 62 63 64 64 64 
60 61 61 62 63 63 64 64 64 
59 61 61 62 62 63 63 64 64 
60 60 60 61 62 63 63 64 65 
61 61 61 62 62 63 64 64 64 
60 61 61 62 62 63 63 64 64 
61 61 62 62 63 63 64 64 64 
61 61 61 62 63 63 64 64 64 
60 61 61 61 62 63 63 63 63 
59 60 61 62 62 63 63 64 64 
60 61 61 62 62 63 63 64 64 
60 61 62 62 63 63 63 64 64 
60 61 61 62 62 63 63 63 64 
61 61 61 61 62 62 63 64 64 
60 61 61 61 62 62 63 63 63 
60 61 61 62 62 63 63 63 63 
60 60 61 62 62 63 63 64 64 
61 62 62 62 62 63 64 64 64 
59 60 61 62 63 63 63 63 64 
60 61 61 61 62 63 64 64 64 
61 61 61 62 62 63 63 63 64 
61 61 61 61 62 63 63 64 64 
60 61 61 61 62 63 64 64 64 
61 61 61 62 62 63 63 63 64 
61 61 61 62 63 63 63 63 64 
61 61 61 62 62 63 63 64 64 
60 61 61 61 62 63 63 63 63 
60 61 61 61 62 62 63 63 63 
61 61 61 62 62 63 63 64 64 
60 60 61 62 62 62 63 63 63 
60 61 61 62 62 63 63 63 63 
60 61 61 61 62 62 63 63 63 
60 60 61 61 62 63 63 63 64 
58 59 60 61 62 63 63 63 64 
60 60 61 61 62 63 63 64 64 
60 60 60 61 62 63 63 64 64 
59 59 60 61 62 63 63 63 63 
60 60 60 61 62 62 63 63 64 
60 60 60 61 61 62 63 63 63 
60 60 60 61 61 62 62 63 63 
58 60 60 61 61 62 63 63 63 
59 60 61 61 62 62 62 63 63 
59 60 60 61 62 63 63 63 63 
60 60 60 61 61 62 62 63 63 
59 60 61 61 62 62 63 63 64 
60 61 61 61 62 63 65 65 66 
60 61 61 61 62 62 63 64 64 
59 59 60 61 62 62 63 63 64 
59 60 60 61 61 62 63 63 63 
60 60 60 61 62 62 62 62 64 
57 59 60 61 61 62 62 63 64 
59 60 60 61 61 62 62 62 63 
59 60 61 61 61 62 62 62 62 
61 61 61 61 61 61 62 62 63 
60 60 60 61 61 62 62 62 63 
60 60 60 61 61 62 63 63 63 
60 60 60 61 61 62 62 63 63 
59 60 60 60 61 62 62 62 62 
57 59 60 61 61 62 62 62 63 
60 60 60 60 61 62 63 63 63 
59 60 60 60 61 62 62 63 64 
58 60 61 61 61 62 62 62 63 
58 60 60 60 61 61 62 63 63 
57 59 60 60 60 61 61 62 62 
57 59 59 60 61 61 62 62 62 
59 59 59 60 60 61 62 62 62 
59 59 60 60 60 61 62 62 62 
59 60 60 60 61 61 61 61 62 
58 59 59 60 60 61 61 62 63 
59 59 59 60 60 61 61 62 62 
58 59 59 59 60 61 61 61 62 
58 58 59 59 60 60 61 61 61 
58 59 59 59 60 61 61 61 61 
58 58 58 59 59 60 61 61 61 
58 58 59 59 60 60 60 60 61 
57 58 59 59 60 60 60 60 60 
57 57 58 58 59 60 60 61 61 
58 58 58 58 59 59 60 60 60 
56 57 58 58 59 60 60 60 60 
56 58 58 58 59 59 59 60 60 
56 56 56 58 58 59 59 60 60 
57 58 58 58 58 59 59 59 60 
57 57 57 57 58 58 59 59 60 
55 56 56 57 58 58 59 59 59 
55 56 56 57 57 58 58 58 58 
55 55 56 56 57 58 58 58 59 
54 55 56 56 57 58 58 58 58 
55 55 55 55 56 56 57 57 57 
53 54 55 55 56 57 57 57 58 
52 54 54 55 55 56 56 57 57 
52 52 53 54 55 56 56 56 57 
53 54 54 55 55 55 56 56 56 
53 53 54 54 54 55 55 55 56 
53 53 53 54 54 55 55 56 56 
51 52 53 53 54 54 55 56 56 
51 52 52 53 53 54 54 54 54 
51 51 51 52 53 53 54 55 55 
51 51 51 52 52 53 53 53 53 
50 50 51 51 51 52 52 52 52 
48 49 50 51 51 52 52 53 53 
48 49 50 50 51 51 52 52 53 
47 48 49 49 50 51 51 51 52 
47 49 49 49 50 50 51 51 51 
47 48 48 49 49 50 51 51 51 
46 47 48 48 49 50 50 51 51 
47 47 48 48 49 49 49 50 50 
44 47 47 47 48 48 48 48 49 
46 46 46 47 47 48 48 48 48 
45 45 46 46 47 47 48 48 48 
45 45 45 46 46 47 47 48 48 
45 45 45 45 46 46 47 47 47 
44 44 44 44 45 46 46 46 47 
43 44 44 44 44 45 46 46 46 
43 43 44 44 45 45 46 46 47 
42 42 43 44 44 45 45 45 46 
41 41 42 43 43 44 44 44 44 
40 41 41 41 42 43 43 43 43 
40 40 41 41 42 42 42 43 43 
40 40 40 40 41 42 43 43 43 
39 40 40 40 40 41 41 41 42 
39 40 40 40 40 41 41 41 41 
39 39 40 40 40 41 41 41 41 
37 37 38 38 39 39 40 40 40 
37 37 37 38 38 39 39 39 40 
36 37 37 37 38 38 39 39 39 
36 36 37 37 38 38 38 38 38 
36 36 36 36 37 37 37 38 39 
35 35 35 36 36 37 37 38 38 
35 35 35 35 36 36 36 37 38 
34 34 34 34 35 35 36 37 37 
33 34 34 34 34 35 35 36 37 
33 33 33 34 34 34 35 35 37 
32 32 33 33 34 34 35 35 36 
31 32 32 32 33 33 34 34 35 
31 31 31 32 32 32 33 33 35 
30 30 30 31 31 32 32 33 35 
30 30 30 31 31 32 32 32 34 
29 29 29 30 30 31 31 31 34 
29 29 29 29 30 30 31 32 35 
28 28 28 28 29 30 31 31 34 
27 27 27 28 28 29 30 31 34 
26 26 27 27 28 29 29 30 34 
26 26 26 27 27 28 29 29 34 
25 26 26 27 27 28 28 28 34 
25 25 25 26 27 27 28 28 34 
24 25 25 25 26 26 27 28 34 
24 24 24 25 25 26 27 27 33 
22 23 23 24 25 25 26 27 33 
22 22 23 23 24 24 25 25 33 
22 22 22 22 23 24 24 26 33 
21 21 22 22 22 23 24 25 33 
20 20 21 21 21 22 23 24 33 
20 21 21 21 22 22 22 23 32 
19 19 19 20 21 22 22 23 32 
18 19 19 19 20 20 21 22 32 
18 18 18 19 19 20 20 22 32 
17 17 18 18 19 19 20 21 32 
16 17 17 18 18 18 19 20 32 
16 16 16 17 18 18 19 20 32 
63 16 16 16 17 17 18 19 32 
63 63 63 16 16 17 17 18 31 
63 63 63 63 63 16 17 18 31 
62 62 62 62 63 16 17 18 31 
61 61 61 62 62 63 63 17 31 
60 61 61 61 62 62 63 16 31 
61 61 61 61 61 62 63 16 31 
60 60 60 60 61 61 61 63 31 
59 59 59 60 61 61 62 63 31 
58 59 59 59 60 60 61 62 31 
58 58 58 59 59 60 61 62 31 
57 58 58 58 59 59 60 62 30 
57 57 57 58 58 59 59 60 30 
57 57 58 58 58 59 59 61 30 
56 57 57 57 58 58 59 60 30 
56 56 56 57 58 58 58 60 30 
57 57 57 57 57 58 58 59 30 
55 56 56 57 57 57 58 59 30 
56 56 56 56 57 58 58 59 30 
56 56 56 57 57 57 58 59 30 